 SCONFANAL MMFF PARTIAL
Molecule Name
0 1
 6  -2.212376070   0.336050462   0.152453231
 6  -1.073676070   1.092250462   0.438953231
 1  -2.371476070   0.092750462  -0.897246769
 1  -0.890476070   1.353050462   1.483053231
 1  -0.794576070   1.862350462  -0.278346769
 8  -3.799576070   1.338750462   0.269953231
 1  -3.739476070   2.592250462  -0.330546769
 1  -4.505176070   0.844150462  -0.164446769
 6  -2.195828602  -0.976196559   1.039600456
 1  -2.914828957  -0.855297862   1.858434864
 1  -1.209489041  -1.076732969   1.505551656
 6  -2.544071126  -2.211678769   0.242707940
 6  -3.838079265  -2.323416440  -0.289698803
 6  -1.637939133  -3.248586066   0.003936152
 6  -4.215140579  -3.437983551  -1.039870976
 6  -2.009591354  -4.369292741  -0.745294280
 6  -3.300266504  -4.462643786  -1.267090938
 1  -5.220625952  -3.492518072  -1.445991684
 1  -1.308408624  -5.176494357  -0.925968202
 1  -3.592459460  -5.329600402  -1.851084454
 1  -4.547752245  -1.512564728  -0.121474230
 8  -0.370790427  -3.172190721   0.512735682
 1   0.163234413  -3.868261282   0.104786070
ENDCART
ATOMLABELS
"C1"
"C2"
"H3"
"H4"
"H5"
"O29"
"H30"
"H31"
"C32"
"H33"
"H34"
"C35"
"C36"
"C37"
"C38"
"C40"
"C42"
"H43"
"H44"
"H45"
"H1"
"O1"
"H2"
ENDATOMLABELS
FROZEN
    1    2    3    4    5    6    7    8
ENDFROZEN
HESSIAN
    3    3   13   13   13   -1   -1   13    1   13   13    3
    3    3    3    3    3   13   13   13   13    8   13
    1    2    5
    1    3    1
    1    9    1
    2    4    1
    2    5    1
    6    8    1
    9   10    1
    9   11    1
    9   12    1
   12   13    5
   12   14    5
   13   15    5
   14   16    5
   15   17    5
   15   18    1
   16   17    5
   16   19    1
   17   20    1
   13   21    1
   22   23    1
   14   22    1
ENDHESS
BEGINPROPIN
ENDPROPIN
BEGINPREFERENCES
 MM:CONF_SELECTION_RULE=2
ENDPREFERENCES
