 OPT HF 3-21G(*)
Molecule Name
0 1
 6  -1.036400000   0.037200000  -0.126100000
 6   0.102300000   0.793400000   0.160400000
 1  -1.195500000  -0.206100000  -1.175800000
 1   0.285500000   1.054200000   1.204500000
 1   0.381400000   1.563500000  -0.556900000
 8  -2.623600000   1.039900000  -0.008600000
 1  -2.563500000   2.293400000  -0.609100000
 1  -3.329200000   0.545300000  -0.443000000
 6  -1.427300000  -1.068000000   0.842500000
 1  -1.618700000  -0.608100000   1.815700000
 1  -0.556400000  -1.724200000   0.956500000
 6  -2.606500000  -1.906400000   0.424900000
 6  -3.873200000  -1.725000000   0.990100000
 6  -2.458600000  -2.899000000  -0.551700000
 6  -4.956700000  -2.508000000   0.595700000
 1  -4.005300000  -0.948600000   1.737100000
 6  -3.538500000  -3.681900000  -0.953200000
 1  -1.480600000  -3.057600000  -0.998200000
 6  -4.794400000  -3.490600000  -0.379100000
 1  -5.930700000  -2.346500000   1.048000000
 1  -3.398200000  -4.444900000  -1.713200000
 1  -5.637400000  -4.100700000  -0.688900000
ENDCART
ATOMLABELS
"C1"
"C2"
"H3"
"H4"
"H5"
"O29"
"H30"
"H31"
"C32"
"H33"
"H34"
"C35"
"C36"
"C37"
"C38"
"H39"
"C40"
"H41"
"C42"
"H43"
"H44"
"H45"
ENDATOMLABELS
FROZEN
    1    2    3    4    5    6    7    8
ENDFROZEN
HESSIAN
    3    3   13   13   13   -1   -1   13    1   13   13    3
    3    3    3   13    3   13    3   13   13   13
    1    2    5
    1    3    1
    1    9    1
    2    4    1
    2    5    1
    6    8    1
    9   10    1
    9   11    1
    9   12    1
   12   13    5
   12   14    5
   13   15    5
   13   16    1
   14   17    5
   14   18    1
   15   19    5
   15   20    1
   17   19    5
   17   21    1
   19   22    1
ENDHESS
BEGINPROPIN
ENDPROPIN
BEGINPREFERENCES
 MM:CONF_SELECTION_RULE=2
ENDPREFERENCES
