 OPT HF 3-21G(*)
Molecule Name
0 1
 6  -1.751100000  -1.812900000   0.156100000
 6  -1.001000000  -0.650000000   0.350600000
 1  -1.883800000  -2.148000000  -0.870200000
 1  -0.844100000  -0.313600000   1.376100000
 1  -1.107200000   0.151300000  -0.381000000
 8  -3.545800000  -1.670800000   0.528400000
 1  -4.256700000  -0.746800000  -0.240800000
 1  -3.932100000  -2.542500000   0.381200000
 6  -1.539001178  -2.953758030   1.154808189
 1  -2.000066960  -3.869285331   0.766936942
 1  -2.000066960  -2.690414059   2.113601335
 6  -0.038779641  -3.183582767   1.355996979
 6   2.677847192  -3.599753334   1.720313084
 6   0.640377802  -4.078344323   0.543811361
 6   0.640376822  -2.496907227   2.350339962
 6   1.998690729  -2.704991927   2.532498833
 6   1.998690729  -4.286428873   0.725970100
 1   0.103394470  -4.621272673  -0.242377997
 1   0.103393490  -1.789453772   2.992503889
 1   2.535674061  -2.162063577   3.318688191
 1   2.535674810  -4.993882153   0.083806606
 1   3.751813753  -3.764278423   1.864338501
ENDCART
ATOMLABELS
"C1"
"C2"
"H4"
"H5"
"H6"
"O30"
"H31"
"H32"
"C3"
"H3"
"H1"
"C4"
"C5"
"C6"
"C7"
"C8"
"C9"
"H2"
"H7"
"H8"
"H9"
"H10"
ENDATOMLABELS
FROZEN
    1    2    3    4    5    6    7    8
ENDFROZEN
HESSIAN
    3    3   13   13   13   -1   -1   13    1   13   13    3
    3    3    3    3    3   13   13   13   13   13
    1    2    5
    1    3    1
    2    4    1
    2    5    1
    6    8    1
    9   10    1
    9   11    1
    1    9    1
   12   15    5
   15   16    5
   13   16    5
   13   17    5
   14   17    5
   12   14    5
   16   20    1
   17   21    1
   13   22    1
   14   18    1
   15   19    1
    9   12    1
ENDHESS
BEGINPROPIN
ENDPROPIN
BEGINPREFERENCES
 MM:CONF_SELECTION_RULE=2
ENDPREFERENCES
